progan: 99.7  100.0  99.85
cyclegan: 98.6  97.8  98.2
biggan: 97.8  92.8  95.3
stylegan: 99.8  70.0  84.9
gaugan: 99.3  99.3  99.3
stargan: 92.8  98.5  95.65
deepfake: 95.3  43.2  69.25
sitd: 53.0  78.0  65.5
san: 97.0  14.0  55.5
crn: 100.0  12.4  56.2
imle: 100.0  38.5  69.25
guided: 97.2  42.8  70.0
ldm_200: 99.1  90.0  94.55
ldm_200_cfg: 99.1  49.2  74.15
ldm_100: 99.1  91.2  95.15
glide_100_27: 99.1  58.2  78.65
glide_50_27: 99.1  59.3  79.2
glide_100_10: 99.1  57.0  78.05
dalle: 99.1  75.8  87.45
